2617,1369330,13144,SP1,42.10,17.4,-0.06,-0.06,-0.06
2617,1369433,13145,SP1,42.26,17.4,-0.06,-0.06,-0.06
2617,1369536,13146,SP1,42.31,17.4,-0.06,-0.06,-0.06
2617,1369639,13147,SP1,42.23,17.4,-0.06,-0.06,-0.06
2617,1369742,13148,SP1,42.17,17.4,-0.06,-0.06,-0.06
2617,1369852,13149,SP1,42.16,17.4,-0.06,-0.06,-0.06
2617,1369955,13150,SP1,42.08,17.4,-0.06,-0.06,-0.06
2617,1370058,13151,SP1,42.04,17.4,-0.06,-0.06,-0.06
2617,1370160,13152,SP1,42.11,17.4,-0.06,-0.06,-0.06
2617,1370263,13153,SP1,42.21,17.5,-0.06,-0.06,-0.06
2617,1370365,13154,SP1,42.26,17.5,-0.06,-0.06,-0.06
2617,1370467,13155,SP1,42.34,17.4,-0.06,-0.06,-0.06
2617,1370570,13156,SP1,42.26,17.4,-0.06,-0.06,-0.06
2617,1370673,13157,SP1,42.20,17.5,-0.06,-0.06,-0.06
2617,1370775,13158,SP1,42.27,17.5,-0.06,-0.06,-0.06
2617,1370877,13159,SP1,42.22,17.4,-0.06,-0.06,-0.06
2617,1370980,13160,SP1,42.24,17.5,-0.06,-0.06,-0.06
2617,1371082,13161,SP1,42.17,17.4,-0.06,-0.06,-0.06
2617,1371185,13162,SP1,42.18,17.4,-0.06,-0.06,-0.06
2617,1371288,13163,SP1,42.18,17.4,-0.06,-0.06,-0.06
2617,1371398,13164,SP1,42.25,17.4,-0.06,-0.06,-0.06
2617,1371501,13165,SP1,42.30,17.5,-0.06,-0.06,-0.06
2617,1371603,13166,SP1,42.20,17.4,-0.06,-0.06,-0.06
2617,1371706,13167,SP1,42.09,17.4,-0.06,-0.06,-0.06
2617,1371809,13168,SP1,42.06,17.4,-0.06,-0.06,-0.06
2617,1371912,13169,SP1,42.10,17.4,-0.06,-0.06,-0.06
2617,1372015,13170,SP1,42.19,17.4,-0.06,-0.06,-0.06
2617,1372117,13171,SP1,42.38,17.4,-0.06,-0.06,-0.06
2617,1372220,13172,SP1,42.47,17.4,-0.06,-0.06,-0.06
2617,1372330,13173,SP1,42.43,17.4,-0.06,-0.06,-0.06
2617,1372433,13174,SP1,42.49,17.4,-0.06,-0.06,-0.06
2617,1372536,13175,SP1,42.61,17.4,-0.06,-0.06,-0.06
2617,1372638,13176,SP1,42.56,17.4,-0.06,-0.06,-0.06
2617,1372741,13177,SP1,42.51,17.4,-0.06,-0.06,-0.06
2617,1372843,13178,SP1,42.44,17.4,-0.06,-0.06,-0.06
2617,1372946,13179,SP1,42.43,17.4,-0.06,-0.06,-0.06
2617,1373056,13180,SP1,42.43,17.4,-0.06,-0.06,-0.06
2617,1373159,13181,SP1,42.47,17.4,-0.06,-0.06,-0.06
2617,1373262,13182,SP1,42.44,17.4,-0.06,-0.06,-0.06
2617,1373365,13183,SP1,42.37,17.4,-0.06,-0.06,-0.06
2617,1373468,13184,SP1,42.43,17.4,-0.06,-0.06,-0.06
2617,1373578,13185,SP1,42.32,17.4,-0.06,-0.06,-0.06
2617,1373681,13186,SP1,42.21,17.5,-0.06,-0.06,-0.06
2617,1373783,13187,SP1,42.20,17.4,-0.06,-0.06,-0.06
2617,1373886,13188,SP1,42.27,17.4,-0.06,-0.06,-0.06
2617,1373989,13189,SP1,42.27,17.5,-0.06,-0.06,-0.06
2617,1374091,13190,SP1,42.29,17.4,-0.06,-0.06,-0.06
2617,1374194,13191,SP1,42.32,17.4,-0.06,-0.06,-0.06
2617,1374304,13192,SP1,42.23,17.5,-0.06,-0.06,-0.06
2617,1374407,13193,SP1,42.26,17.4,-0.06,-0.06,-0.06
2617,1374510,13194,SP1,42.32,17.4,-0.06,-0.06,-0.06
2617,1374613,13195,SP1,42.32,17.4,-0.06,-0.06,-0.06
376363,13212,SP1,103.63,17.1,-0.06,-0.06,-0.06
2617,1376466,13213,SP1,113.59,17.4,-0.06,-0.06,-0.06
2617,1376576,13214,SP1,123.61,17.4,-0.06,-0.06,-0.06
2617,1376679,13215,SP1,135.72,17.4,-0.06,-0.06,-0.06
2617,1376782,13216,SP1,147.22,17.4,-0.06,-0.06,-0.06
2617,1376885,13217,SP1,152.16,17.4,-0.06,-0.06,-0.06
2617,1376988,13218,SP1,164.79,17.4,-0.06,-0.06,-0.06
2617,1377098,13219,SP1,189.23,17.3,-0.06,-0.06,-0.06
2617,1377201,13220,SP1,200.07,17.4,-0.06,-0.06,-0.06
2617,1377304,13221,SP1,205.82,17.5,-0.06,-0.06,-0.06
2617,1377407,13222,SP1,210.47,17.5,-0.06,-0.06,-0.06
2617,1377510,13223,SP1,216.40,17.4,-0.06,-0.06,-0.06
2617,1377620,13224,SP1,226.07,17.4,-0.06,-0.06,-0.06
2617,1378348,13231,SP1,287.68,17.4,-0.06,-0.06,-0.06
2617,1378451,13232,SP1,292.40,17.5,-0.06,-0.06,-0.06
2617,1378554,13233,SP1,300.10,17.5,-0.06,-0.06,-0.06
2617,1378664,13234,SP1,307.80,17.4,-0.06,-0.06,-0.06
2617,1378767,13235,SP1,311.92,17.5,-0.06,-0.06,-0.06
2617,1378870,13236,SP1,319.90,17.5,-0.06,-0.06,-0.06
2617,1378973,13237,SP1,333.01,17.5,-0.06,-0.06,-0.06
2617,1379076,13238,SP1,345.67,17.4,-0.06,-0.06,-0.06
2617,1379186,13239,SP1,356.30,17.5,-0.06,-0.06,-0.06
2617,1379289,13240,SP1,359.17,17.5,-0.06,-0.06,-0.06
2617,1379392,13241,SP1,360.58,17.5,-0.06,-0.06,-0.06
2617,1379495,13242,SP1,368.27,17.4,-0.06,-0.06,-0.06
2617,1379598,13243,SP1,378.04,17.5,-0.06,-0.06,-0.06
2617,1379708,13244,SP1,389.91,17.5,-0.06,-0.06,-0.06
2617,1379811,13245,SP1,393.69,17.5,-0.06,-0.06,-0.06
2617,1379914,13246,SP1,395.12,17.5,-0.06,-0.06,-0.06
2617,1380017,13247,SP1,396.73,17.5,-0.06,-0.06,-0.06
2617,1380120,13248,SP1,404.24,17.4,-0.06,-0.06,-0.06
2617,1380230,13249,SP1,416.07,17.4,-0.06,-0.06,-0.06
2617,1380333,13250,SP1,418.56,17.5,-0.06,-0.06,-0.06
2617,1380436,13251,SP1,420.37,17.5,-0.06,-0.06,-0.06
2617,1380539,13252,SP1,426.59,17.5,-0.06,-0.06,-0.06
2617,1380642,13253,SP1,436.35,17.5,-0.06,-0.06,-0.06
2617,1380752,13254,SP1,444.66,17.5,-0.06,-0.06,-0.06
2617,1380855,13255,SP1,447.29,17.5,-0.06,-0.06,-0.06
2617,1380958,13256,SP1,448.01,17.5,-0.06,-0.06,-0.06
2617,1381061,13257,SP1,448.72,17.5,-0.06,-0.06,-0.06
2617,1381164,13258,SP1,453.23,17.5,-0.06,-0.06,-0.06
2617,1381274,13259,SP1,462.31,17.4,-0.06,-0.06,-0.06
2617,1381377,13260,SP1,471.21,17.5,-0.06,-0.06,-0.06
2617,1381480,13261,SP1,476.20,17.5,-0.06,-0.06,-0.06
2617,1381583,13262,SP1,479.40,17.5,-0.06,-0.06,-0.06
2617,1381686,13263,SP1,481.26,17.5,-0.06,-0.06,-0.06
2617,1381796,13264,SP1,482.64,17.4,-0.06,-0.06,-0.06
2617,1381899,13265,SP1,487.01,17.4,-0.06,-0.06,-0.06
2617,1382002,13266,SP1,494.52,17.4,-0.06,-0.06,-0.06
2617,1382105,13267,SP1,501.15,17.4,-0.06,-0.06,-0.06
2617,1382208,13268,SP1,506.08,17.5,-0.06,-0.06,-0.06
2617,1382318,13269,SP1,510.66,17.4,-0.06,-0.06,-0.06
2617,1382421,13270,SP1,512.85,17.4,-0.06,-0.06,-0.06
2617,1382524,13271,SP1,514.36,17.5,-0.06,-0.06,-0.06
2617,1382627,13272,SP1,516.79,17.4,-0.06,-0.06,-0.06
2617,1382730,13273,SP1,520.31,17.5,-0.06,-0.06,-0.06
2617,1382840,13274,SP1,525.56,17.5,-0.06,-0.06,-0.06
2617,1382943,13275,SP1,530.09,17.5,-0.06,-0.06,-0.06
2617,1383046,13276,SP1,535.03,17.5,-0.06,-0.06,-0.06
2617,1383149,13277,SP1,538.98,17.5,-0.06,-0.06,-0.06
2617,1383465,13280,SP1,548.14,17.5,-0.06,-0.06,-0.06
2617,1383568,13281,SP1,551.82,17.5,-0.06,-0.06,-0.06
2617,1383671,13282,SP1,554.86,17.5,-0.06,-0.06,-0.06
2617,1383774,13283,SP1,556.14,17.5,-0.06,-0.06,-0.06
2617,1383884,13284,SP1,555.44,17.5,-0.06,-0.06,-0.06
2617,1383987,13285,SP1,556.03,17.5,-0.06,-0.06,-0.06
2617,1384090,13286,SP1,557.45,17.5,-0.06,-0.06,-0.06
2617,1384193,13287,SP1,559.24,17.5,-0.06,-0.06,-0.06
2617,1384296,13288,SP1,561.18,17.5,-0.06,-0.06,-0.06
2617,1384406,13289,SP1,563.36,17.4,-0.06,-0.06,-0.06
2617,1384509,13290,SP1,565.12,17.5,-0.06,-0.06,-0.06
2617,1384612,13291,SP1,566.69,17.5,-0.06,-0.06,-0.06
2617,1384715,13292,SP1,567.95,17.4,-0.06,-0.06,-0.06
2617,1384818,13293,SP1,569.11,17.5,-0.06,-0.06,-0.06
2617,1384928,13294,SP1,570.13,17.5,-0.06,-0.06,-0.06
2617,1386384,13308,SP1,573.87,17.6,-0.06,-0.06,-0.06
2617,1386494,13309,SP1,573.52,17.5,-0.06,-0.06,-0.06
2617,1386597,13310,SP1,572.54,17.5,-0.06,-0.06,-0.06
2617,1386700,13311,SP1,571.25,17.5,-0.06,-0.06,-0.06
2617,1386803,13312,SP1,570.17,17.5,-0.06,-0.06,-0.06
2617,1386906,13313,SP1,569.20,17.5,-0.06,-0.06,-0.06
2617,1387016,13314,SP1,568.22,17.6,-0.06,-0.06,-0.06
2617,1387119,13315,SP1,567.42,17.6,-0.06,-0.06,-0.06
2617,1387222,13316,SP1,566.89,17.6,-0.06,Kr‚²bj‚r‚²j
2617,1387325,13317,SP1,566.08,17.1,-0.06,-0.06,-0.06
2617,1387428,13318,SP1,565.10,17.4,-0.06,-0.06,-0.06
2617,1387538,13319,SP1,564.58,17.5,-0.06,-0.06,-0.06
2617,1387641,13320,SP1,564.14,17.5,-0.06,-0.06,-0.06
2617,1387744,13321,SP1,563.05,17.5,-0.06,-0.06,-0.06
2617,1387847,13322,SP1,561.70,17.5,-0.06,-0.06,-0.06
2617,1387950,13323,SP1,563.14,17.5,-0.06,-0.06,-0.06
2617,1388060,13324,SP1,569.49,17.4,-0.06,-0.06,-0.06
2617,1389413,13337,SP1,540.70,17.2,-0.06,-0.06,-0.06
2617,1389516,13338,SP1,537.12,17.5,-0.06,-0.06,-0.06
2617,1389626,13339,SP1,532.78,17.5,-0.06,-0.06,-0.06
2617,1389729,13340,SP1,529.42,17.6,-0.06,-0.06,-0.06
2617,1389832,13341,SP1,526.25,17.6,-0.06,-0.06,-0.06
2617,1389935,13342,SP1,523.00,17.6,-0.06,-0.06,-0.06
2617,1390038,13343,SP1,519.69,17.5,-0.06,-0.06,-0.06
2617,1390148,13344,SP1,516.87,17.5,-0.06,-0.06,-0.06
2617,1390251,13345,SP1,515.71,17.4,-0.06,-0.06,-0.06
2617,1390354,13346,SP1,513.73,17.4,-0.06,-0.06,-0.06
2617,1390457,13347,SP1,511.19,17.6,-0.06,-0.06,-0.06
2617,1390560,13348,SP1,508.55,17.6,-0.06,-0.06,-0.06
2617,1390670,13349,SP1,506.28,17.6,-0.06,-0.06,-0.06
2617,1390773,13350,SP1,504.73,17.7,-0.06,-0.06,-0.06
2617,1390876,13351,SP1,501.48,17.7,-0.06,-0.06,-0.06
2617,1390979,13352,SP1,498.09,17.7,-0.06,-0.06,-0.06
2617,1391082,13353,SP1,494.97,17.8,-0.06,-0.06,-0.06
2617,1391192,13354,SP1,492.50,17.8,-0.06,-0.06,-0.06
2617,1391295,13355,SP1,489.91,17.9,-0.06,-0.06,-0.06
2617,1391398,13356,SP1,486.08,17.9,-0.06,-0.06,-0.06
2617,1391501,13357,SP1,482.99,17.9,-0.06,-0.06,-0.06
2617,1391604,13358,SP1,479.98,17.9,-0.06,-0.06,-0.06
2617,1391714,13359,SP1,475.90,17.9,-0.06,-0.06,-0.06
2617,1391817,13360,SP1,471.31,17.9,-0.06,-0.06,-0.06
2617,1391920,13361,SP1,467.50,17.9,-0.06,-0.06,-0.06
2617,1392023,13362,SP1,464.69,18.0,-0.06,-0.06,-0.06
2617,1392126,13363,SP1,461.99,18.0,-0.06,-0.06,-0.06
2617,1393383,13375,SP1,406.71,18.8,-0.06,-0.06,-0.06
2617,1393486,13376,SP1,401.86,18.3,-0.06,-0.06,-0.06
2617,1393589,13377,SP1,397.01,18.3,-0.06,-0.06,-0.06
2617,1393692,13378,SP1,392.03,18.3,-0.06,-0.06,-0.06
2617,1393802,13379,SP1,386.10,18.4,-0.06,-0.06,-0.06
2617,1393905,13380,SP1,381.07,18.4,-0.06,-0.06,-0.06
2617,1394008,13381,SP1,375.93,18.5,-0.06,-0.06,-0.06
2617,1394111,13382,SP1,370.99,18.5,-0.06,-0.06,-0.06
2617,1394214,13383,SP1,365.98,18.6,-0.06,-0.06,-0.06
2617,1394324,13384,SP1,360.02,18.5,-0.06,-0.06,-0.06
2617,1394427,13385,SP1,354.89,18.6,-0.06,-0.06,-0.06
2617,1394530,13386,SP1,349.40,18.6,-0.06,-0.06,-0.06
2617,1394633,13387,SP1,343.88,18.6,-0.06,-0.06,-0.06
2617,1394736,13388,SP1,338.24,18.7,-0.06,-0.06,-0.06
2617,1394846,13389,SP1,331.67,18.7,-0.06,-0.06,-0.06
2617,1394949,13390,SP1,326.18,18.7,-0.06,-0.06,-0.06
2617,1395052,13391,SP1,320.80,18.7,-0.06,-0.06,-0.06
2617,1395368,13394,SP1,303.23,18.6,-0.06,-0.06,-0.06
2617,1395471,13395,SP1,298.00,18.9,-0.06,-0.06,-0.06
2617,1395574,13396,SP1,292.39,18.9,-0.06,-0.06,-0.06
2617,1395677,13397,SP1,286.88,18.8,-0.06,-0.06,-0.06
2617,1395780,13398,SP1,281.31,18.9,-0.06,-0.06,-0.06
2617,1397456,13414,SP1,191.29,19.4,-0.06,-0.06,-0.06
2617,1397559,13415,SP1,185.43,19.4,-0.06,-0.06,-0.06
2617,1397662,13416,SP1,179.54,19.4,-0.06,-0.06,-0.06
2617,1397765,13417,SP1,174.44,19.5,-0.06,-0.06,-0.06
2617,1397868,13418,SP1,168.60,19.5,-0.06,-0.06,-0.06
2617,1397978,13419,SP1,161.60,19.5,-0.06,-0.06,-0.06
2617,1398081,13420,SP1,156.79,19.5,-0.06,-0.06,-0.06
2617,1398184,13421,SP1,152.09,19.5,-0.06,-0.06,-0.06
2617,1398287,13422,SP1,147.26,19.5,-0.06,-0.06,-0.06
2617,1398390,13423,SP1,142.57,19.6,-0.06,-0.06,-0.06
2617,1398500,13424,SP1,136.70,19.6,-0.06,-0.06,-0.06
2617,1398603,13425,SP1,131.28,19.6,-0.06,-0.06,-0.06
2617,1398706,13426,SP1,125.99,19.6,-0.06,-0.06,-0.06
2617,1398809,13427,SP1,120.54,19.7,-0.06,-0.06,-0.06
2617,1398912,13428,SP1,115.35,19.7,-0.06,-0.06,-0.06
2617,1399022,13429,SP1,110.54,19.7,-0.06,-0.06,-0.06
2617,1399125,13430,SP1,105.82,19.7,-0.06,-0.06,-0.06
2617,1399331,13432,SP1,95.11,19.3,-0.06,-0.06,-0.06
2617,1399433,13433,SP1,89.98,19.5,-0.06,-0.06,-0.06
2617,1399535,13434,SP1,84.25,19.7,-0.06,-0.06,-0.06
2617,1399638,13435,SP1,78.55,19.7,-0.06,-0.06,-0.06
2617,1399748,13436,SP1,72.65,19.8,-0.06,-0.06,-0.06
2617,1399851,13437,SP1,66.91,19.8,-0.06,-0.06,-0.06
2617,1399954,13438,SP1,61.42,19.8,-0.06,-0.06,-0.06
2617,1400056,13439,SP1,56.54,19.7,-0.06,-0.06,-0.06
2617,1400159,13440,SP1,51.28,19.8,-0.06,-0.06,-0.06
2617,1400261)š¢¢ŠbšAÅ,45.49,19.6,-0.06,-0.06,-0.06
2617,1400364,13442,SP1,40.22,19.6,-0.06,-0.06,-0.06
2617,1400474,13443,SP1,33.63,19.9,-0.06,-0.06,-0.06
2617,1400577,13444,SP1,27.99,19.9,-0.06,-0.06,-0.06
2617,1400679,13445,SP1,22.52,19.9,-0.06,-0.06,-0.06
2617,1400781,13446,SP1,17.33,19.9,-0.06,-0.06,-0.06
2617,1400883,13447,SP1,12.80,19.9,-0.06,-0.06,-0.06
2617,1400985,13448,SP1,8.54,19.9,-0.06,-0.06,-0.06
2617,1401087,13449,SP1,4.48,19.9,-0.06,-0.06,-0.06
